0.1 1 
0.2 0.99 
0.3 0.97 
0.4 0.9401 
0.5 0.9005 
0.6 0.851499 
0.7 0.793493 
0.8 0.726972 
0.9 0.652516 
1 0.57079 
1.1 0.48254 
1.2 0.388581 
1.3 0.289797 
1.4 0.187127 
1.5 0.0815591 
1.6 -0.0258801 
1.7 -0.134135 
1.8 -0.242131 
1.9 -0.348785 
2 -0.453019 
2.1 -0.553764 
2.2 -0.649979 
2.3 -0.740657 
2.4 -0.824835 
2.5 -0.901606 
2.6 -0.970129 
2.7 -1.02964 
2.8 -1.07944 
2.9 -1.11895 
3 -1.14767 
3.1 -1.16519 
3.2 -1.17124 
3.3 -1.16564 
3.4 -1.14832 
3.5 -1.11935 
3.6 -1.07889 
3.7 -1.02724 
3.8 -0.964806 
3.9 -0.892096 
4 -0.809738 
4.1 -0.718459 
4.2 -0.619083 
4.3 -0.512522 
4.4 -0.39977 
4.5 -0.281892 
4.6 -0.160018 
4.7 -0.0353239 
4.8 0.09097 
4.9 0.217617 
5 0.343355 
5.1 0.466916 
5.2 0.587044 
5.3 0.702502 
5.4 0.81209 
5.5 0.914654 
5.6 1.0091 
5.7 1.09439 
5.8 1.1696 
5.9 1.23386 
6 1.28642 
6.1 1.32665 
6.2 1.35401 
6.3 1.36811 
6.4 1.36866 
6.5 1.35554 
6.6 1.32872 
6.7 1.28836 
6.8 1.2347 
6.9 1.16816 
7 1.08928 
7.1 0.998711 
7.2 0.897251 
7.3 0.785804 
7.4 0.665385 
7.5 0.537107 
7.6 0.402176 
7.7 0.261874 
7.8 0.117549 
7.9 -0.0293934 
8 -0.177512 
8.1 -0.325336 
8.2 -0.471385 
8.3 -0.614181 
8.4 -0.752263 
8.5 -0.884204 
8.6 -1.00862 
8.7 -1.1242 
8.8 -1.22969 
8.9 -1.32393 
9 -1.40588 
9.1 -1.4746 
9.2 -1.52925 
9.3 -1.56915 
9.4 -1.59377 
9.5 -1.60269 
9.6 -1.59567 
9.7 -1.57263 
9.8 -1.53363 
9.9 -1.47891 
10 -1.40885 
